         0.000009575240         -0.000000000275         -0.000009439521         -0.000008289157          0.000005680204          0.000000088544         -0.000000122046         -0.000000044670         -0.000000127547          0.000007969409         -0.000000536979          0.000001368424         -0.000006890905         -0.000002452968          0.000002126165         -0.000000578867         -0.000002257762          0.000000000357         -0.000000000056          0.000000000131          0.000000000005         -0.000000000001         -0.000000000019          0.000000000274         -0.000000000155          0.000000001233          0.000000000026          0.000000000014         -0.000000000039          0.000234839872          0.000234400475          0.000234086252          0.000235129071          0.000234808550          0.001547205629          0.001545462402         -0.001311352227         -0.000323410351         -0.000325004292         -0.000328753016         -0.000327625080         -0.000325326181          0.000006719870          0.000004084982          0.000039792419          0.000060650844         -0.000035289796         -0.000036412238          0.000002133693          0.000000054445         -0.000002557625          0.000000474919          0.000000229076          0.000000829945         -0.000001826143          0.000001216288          0.000015760499          0.000001820379
        -0.000000000275          0.000000000531          0.000002006408         -0.000000813400         -0.000000893593         -0.000000003473         -0.000000003272         -0.000000005037         -0.000000005359          0.000000000267         -0.000000001654         -0.000000012001         -0.000000025800         -0.000000013928         -0.000000013968         -0.000000012018         -0.000000006434         -0.000000000002         -0.000000000000         -0.000000000002         -0.000000000000         -0.000000000000         -0.000000000000         -0.000000000003         -0.000000000001          0.000000000012          0.000000000000          0.000000000000         -0.000000000000         -0.000001636116         -0.000001639402         -0.000001637787         -0.000001638885         -0.000001637930         -0.000004829646         -0.000004849439          0.000003197836          0.000001702073          0.000001687992          0.000001683992          0.000001725228          0.000001714071          0.000000035361          0.000000130707         -0.000001142396          0.000000818647          0.000000142382          0.000000167914          0.000000000398         -0.000000022617         -0.000000068148         -0.000000461092          0.000000253658          0.000000140604         -0.000000008649          0.000000004207          0.000000001568          0.000000005542
        -0.000009439521          0.000002006408          0.037913444304          0.001780538298         -0.028289730667         -0.000010210020         -0.000005407959         -0.000035185993         -0.000036470655         -0.001365551002          0.000000213728          0.000791058976          0.000342673929          0.000575705382          0.000390941273          0.000568322579          0.000694160864          0.000000042495         -0.000000005927          0.000000048166          0.000000000329          0.000000000214         -0.000000000446         -0.000000032319         -0.000000002864          0.000000018625          0.000000000368          0.000000000916         -0.000000001484         -0.032544232935         -0.032535290740         -0.032493399128         -0.032510589829         -0.032507847789         -0.067646480045         -0.067766195040          0.035200174279          0.032710831160          0.032233589076          0.032708839255          0.031983867916          0.032541210281         -0.000148652238          0.000009259430         -0.010002043475         -0.007500787902          0.001915014209          0.002017787723         -0.000133441368         -0.004004493805          0.001313890667         -0.000209073860         -0.001047378270          0.002372889396         -0.000070875758          0.000112211350          0.000106841825         -0.000103764329
        -0.000008289157         -0.000000813400          0.001780538298          0.355224641533         -0.007149567506          0.000014839866         -0.000018735058         -0.000005760761          0.000000720299         -0.002774741597          0.000022719843         -0.000217018151         -0.000168578858         -0.000301203776         -0.000495655912         -0.000308341879          0.000156541113          0.000000244301          0.000000014791         -0.000000084691          0.000000000542          0.000000000074         -0.000000000194         -0.000000063249         -0.000000012645          0.000000083944          0.000000002401          0.000000001375         -0.000000004065         -0.053695436341         -0.053739499841         -0.053580243552         -0.053586056365         -0.053605077467          0.821435379752          0.821397423855         -0.874967580478          0.050224249046          0.049952309079          0.050174154308          0.049563515803          0.049790393297         -0.002664104337          0.000001225837          0.004232961626         -0.001489567963         -0.333343509281         -0.333377751470          0.001336075242          0.000034335014         -0.000459357183         -0.000395571902          0.000041116881         -0.000005416591          0.000151324355         -0.000037354297         -0.000110031733         -0.000106747599
         0.000005680204         -0.000000893593         -0.028289730667         -0.007149567506          0.027692532992          0.000011102820          0.000000868236          0.000048647895          0.000027636544          0.001151022290          0.000001187340         -0.000667868486         -0.000222312871         -0.000405447436         -0.000252050777         -0.000388747839         -0.000524699767         -0.000000262782          0.000000003794         -0.000000038292         -0.000000000148         -0.000000000108         -0.000000000007          0.000000028072          0.000000002210         -0.000000010046         -0.000000000666         -0.000000001185          0.000000002075          0.021661271353          0.021660101488          0.021626141570          0.021634820629          0.021616934364          0.046927629046          0.047006154040         -0.025333396070         -0.021942523425         -0.021761057995         -0.021970197166         -0.021446389078         -0.021793030438          0.000099604762          0.000514085522          0.000845220179          0.006133702080         -0.000766825096         -0.000892166748         -0.000754953804          0.002552901074         -0.000666764597         -0.000087427635          0.000807022210         -0.001499579495          0.000049399636         -0.000035263565         -0.000086726703          0.000125474063
         0.000000088544         -0.000000003473         -0.000010210020          0.000014839866          0.000011102820          0.000000503281         -0.000000377549         -0.000000045021         -0.000000054072         -0.000003499398         -0.000000081053          0.000000105908          0.000001295362          0.000000789191          0.000000777842          0.000001537209          0.000001660819         -0.000000000687         -0.000000000064          0.000000000613         -0.000000000000         -0.000000000001          0.000000000005          0.000000000113          0.000000000098         -0.000000000870         -0.000000000012         -0.000000000011          0.000000000025          0.000035830305          0.000035939901          0.000036056279          0.000035907927          0.000035836455          0.000134902332          0.000135253161         -0.000099288515         -0.000034460467         -0.000033628989         -0.000035182635         -0.000035204325         -0.000033644029         -0.000004236036         -0.000005046671          0.000022692238          0.000058005952         -0.000000562068         -0.000004025784          0.000000103098          0.000004638366         -0.000001315943          0.000001897905          0.000001386681         -0.000003269397         -0.000000063836          0.000000192694          0.000000240352         -0.000000403170
        -0.000000122046         -0.000000003272         -0.000005407959         -0.000018735058          0.000000868236         -0.000000377549          0.000003061649         -0.000000165092         -0.000000044246          0.000002804606         -0.000000359711          0.000004207504         -0.000000147515          0.000001622178         -0.000003558938         -0.000001894966          0.000000789138          0.000000006437          0.000000000083         -0.000000000897          0.000000000006          0.000000000002         -0.000000000004         -0.000000001100         -0.000000000190          0.000000001929         -0.000000000128         -0.000000000141          0.000000000280         -0.000025690006         -0.000024978269         -0.000024826431         -0.000024836131         -0.000024629316         -0.000064098738         -0.000063444082          0.000037858209          0.000025170991          0.000024581121          0.000027687910          0.000026843512          0.000022523293          0.000005170569         -0.000001291966         -0.000028967857         -0.000000813130          0.000000674065          0.000001071856          0.000005332068          0.000000915756         -0.000000549843          0.000004567521         -0.000002054071         -0.000002390365          0.000000224320         -0.000000271493         -0.000001030371          0.000001119761
        -0.000000044670         -0.000000005037         -0.000035185993         -0.000005760761          0.000048647895         -0.000000045021         -0.000000165092          0.000000827195          0.000000332457          0.000000051572         -0.000000002370          0.000000516280          0.000000312866          0.000000784094          0.000000923056          0.000000645810          0.000001585077         -0.000000001826         -0.000000000039          0.000000000413          0.000000000001         -0.000000000000         -0.000000000000          0.000000000051          0.000000000079         -0.000000000654          0.000000000008          0.000000000004         -0.000000000011          0.000002823951          0.000002881932          0.000002869558          0.000002857576          0.000002838283          0.000037335663          0.000037195114         -0.000034334540         -0.000006476964         -0.000009838116         -0.000008187934         -0.000011466990         -0.000008627490          0.000000133745         -0.000000014636          0.000033135991         -0.000020566189         -0.000001622542         -0.000001548459         -0.000002724292          0.000001585735         -0.000000865132          0.000002287341         -0.000001195659         -0.000001448377         -0.000000155349         -0.000000602532          0.000000097468          0.000000330487
        -0.000000127547         -0.000000005359         -0.000036470655          0.000000720299          0.000027636544         -0.000000054072         -0.000000044246          0.000000332457          0.000002488110          0.000001519022         -0.000000285772          0.000000347130         -0.000001988909          0.000001047014         -0.000000025305         -0.000000191564         -0.000000007052         -0.000000007953          0.000000000014         -0.000000000281          0.000000000006          0.000000000004         -0.000000000019          0.000000000051         -0.000000000002          0.000000000280         -0.000000000020         -0.000000000041          0.000000000065          0.000010935931          0.000011017019          0.000011039877          0.000011249814          0.000011170626         -0.000045541971         -0.000045454676          0.000057474824         -0.000008788385         -0.000008887029         -0.000008750469         -0.000016932755         -0.000009536123          0.000003902644          0.000003142397          0.000038322712         -0.000188370387         -0.000003087943          0.000007129236         -0.000002223788          0.000002492724         -0.000003884623          0.000008053552         -0.000001241173         -0.000009502618         -0.000000355913         -0.000001646806         -0.000000258271          0.000001132069
         0.000007969409          0.000000000267         -0.001365551002         -0.002774741597          0.001151022290         -0.000003499398          0.000002804606          0.000000051572          0.000001519022          0.000619897388         -0.000003604571          0.000000396914          0.000012612153         -0.000014384088          0.000025949272          0.000012896600         -0.000049935623          0.000000045921         -0.000000001298          0.000000004144         -0.000000000048         -0.000000000005          0.000000000030          0.000000002550          0.000000001356         -0.000000005782          0.000000000034         -0.000000000052          0.000000000076          0.004707425131          0.004704635710          0.004699037475          0.004700538210          0.004706184389         -0.000904895449         -0.000908778208          0.005604852181         -0.004762407122         -0.004707677485         -0.004806041513         -0.004684660817         -0.004687615287          0.000101723941          0.000087640034          0.000455753481          0.001573171053         -0.000264977490         -0.000306993161         -0.000066433743          0.000189320710         -0.000004476480         -0.000010968293          0.000006413224         -0.000041855746          0.000001644430         -0.000002380200          0.000013475725          0.000013883515
        -0.000000536979         -0.000000001654          0.000000213728          0.000022719843          0.000001187340         -0.000000081053         -0.000000359711         -0.000000002370         -0.000000285772         -0.000003604571          0.000014943002          0.000002927653          0.000011053655          0.000006296251          0.000019497047          0.000008137350          0.000000996617          0.000000006271         -0.000000001430          0.000000010760          0.000000000011         -0.000000000037          0.000000000125          0.000000007460          0.000000000629         -0.000000008195          0.000000000066          0.000000000029         -0.000000000089         -0.000176376958         -0.000176632941         -0.000176734214         -0.000176923796         -0.000177051468          0.000289432181          0.000288463881         -0.000469844654          0.000072978499          0.000078102940          0.000075768986          0.000068825990          0.000064425959         -0.000003342891         -0.000007038443         -0.000041434568         -0.000017528063          0.000007059004          0.000011400321          0.000000150533         -0.000000178876         -0.000003205296          0.000004311008          0.000000087128         -0.000002807406          0.000001361895         -0.000000123342          0.000001629870         -0.000000830673
         0.000001368424         -0.000000012001          0.000791058976         -0.000217018151         -0.000667868486          0.000000105908          0.000004207504          0.000000516280          0.000000347130          0.000000396914          0.000002927653          0.001695160457          0.000399707538          0.000905682840          0.000823753920          0.001140815668          0.000857371415          0.000000102972          0.000000002097         -0.000000018045         -0.000000000337         -0.000000000122          0.000000000479         -0.000000005142         -0.000000003927          0.000000024353         -0.000000000149         -0.000000000210          0.000000000376          0.000631961965          0.000641761890          0.000639213753          0.000640914759          0.000636633552         -0.002072225010         -0.002073936827          0.002714088123         -0.001659051703         -0.000937054842         -0.001483505579         -0.000821801107         -0.002003644576          0.000078810825         -0.000112149528          0.000495942780          0.000567190691          0.000091082762          0.000056123383         -0.000081219145          0.000127398253          0.000054785305          0.000011067364         -0.000009980827          0.000008188211          0.000005413072         -0.000019790721         -0.000018364183         -0.000006209812
        -0.000006890905         -0.000000025800          0.000342673929         -0.000168578858         -0.000222312871          0.000001295362         -0.000000147515          0.000000312866         -0.000001988909          0.000012612153          0.000011053655          0.000399707538          0.000693298306          0.000419599935          0.000414997766          0.000439618522          0.000457180674          0.000000133208          0.000000004181         -0.000000029479         -0.000000000269         -0.000000000196          0.000000000448         -0.000000024164         -0.000000010715          0.000000079660          0.000000000134         -0.000000000168          0.000000000150          0.000535498175          0.000545135114          0.000544282082          0.000544746733          0.000548229900         -0.000692794167         -0.000686203059          0.001244871857         -0.001051030679         -0.001259248909         -0.001037756596         -0.000953024013         -0.001031092059          0.000153455352          0.000012507344          0.000640317570          0.000423457863         -0.000092381918         -0.000056755504         -0.000040375545          0.000184799944          0.000012206104          0.000095833108         -0.000025061765         -0.000068240199          0.000011009401         -0.000000991931         -0.000002946923         -0.000001255408
        -0.000002452968         -0.000000013928          0.000575705382         -0.000301203776         -0.000405447436          0.000000789191          0.000001622178          0.000000784094          0.000001047014         -0.000014384088          0.000006296251          0.000905682840          0.000419599935          0.001504191577          0.000970437788          0.000928034303          0.000863548734         -0.000000006832          0.000000011005         -0.000000078278         -0.000000000038         -0.000000000046         -0.000000000200         -0.000000022462         -0.000000013839          0.000000103519         -0.000000000076         -0.000000000280          0.000000000436          0.001622008679          0.001630299773          0.001633773976          0.001631678654          0.001634893093         -0.002528139550         -0.002534561414          0.004175620685         -0.003282376928         -0.002042341843         -0.002520978692         -0.001859546377         -0.002702675731          0.000121102118          0.000038350617          0.000121899017          0.001704551759          0.000137435595          0.000086267982         -0.000073198777          0.000069555558          0.000046516111         -0.000089432249         -0.000016168994          0.000044909375          0.000002423042         -0.000005260672         -0.000010326507         -0.000005519784
         0.000002126165         -0.000000013968          0.000390941273         -0.000495655912         -0.000252050777          0.000000777842         -0.000003558938          0.000000923056         -0.000000025305          0.000025949272          0.000019497047          0.000823753920          0.000414997766          0.000970437788          0.001404769894          0.000866737293          0.000859660970          0.000000067287          0.000000005759         -0.000000042681         -0.000000000536         -0.000000000209          0.000000000606         -0.000000009922         -0.000000004389          0.000000035415         -0.000000000160         -0.000000000274          0.000000000310          0.001569960101          0.001568438379          0.001577167861          0.001568263529          0.001575674656         -0.000634032941         -0.000616873477          0.002209312961         -0.002861248115         -0.001993036276         -0.002607475496         -0.001905458193         -0.002579633702          0.000077018416          0.000018242452         -0.000046705576          0.000701593898          0.000152714993          0.000176485909         -0.000086270076          0.000186784914          0.000073331227         -0.000087425250         -0.000002004765          0.000071433197          0.000016163604         -0.000007501100         -0.000006699178         -0.000012839682
        -0.000000578867         -0.000000012018          0.000568322579         -0.000308341879         -0.000388747839          0.000001537209         -0.000001894966          0.000000645810         -0.000000191564          0.000012896600          0.000008137350          0.001140815668          0.000439618522          0.000928034303          0.000866737293          0.001467855116          0.000961327885          0.000000109070          0.000000003889         -0.000000034286         -0.000000000274         -0.000000000165          0.000000000371         -0.000000013801         -0.000000008810          0.000000068950          0.000000000117         -0.000000000161         -0.000000000006          0.000781824076          0.000788910587          0.000790549626          0.000791090038          0.000794384737         -0.001890283204         -0.001877522736          0.002681703103         -0.001822493530         -0.001174223726         -0.001797296903         -0.001046401188         -0.002383431908          0.000057105720         -0.000025725767          0.000426999217          0.000938223580          0.000006424488          0.000003047621         -0.000007114174          0.000080057398          0.000046948556         -0.000044982176         -0.000022778558          0.000028675720          0.000003949017         -0.000013493317         -0.000011223659         -0.000001530039
        -0.000002257762         -0.000000006434          0.000694160864          0.000156541113         -0.000524699767          0.000001660819          0.000000789138          0.000001585077         -0.000000007052         -0.000049935623          0.000000996617          0.000857371415          0.000457180674          0.000863548734          0.000859660970          0.000961327885          0.001594928830          0.000000010936          0.000000004497         -0.000000028346         -0.000000000273         -0.000000000183          0.000000000317         -0.000000023551         -0.000000011593          0.000000082192         -0.000000000318         -0.000000000274          0.000000000612          0.001137598209          0.001146882305          0.001151435074          0.001144238832          0.001149471662         -0.000831703208         -0.000831762489          0.001985331148         -0.002093019848         -0.001529569382         -0.002839433203         -0.001414768575         -0.002172225142          0.000118172878         -0.000059348999          0.000863155880          0.001555287849         -0.000110702663         -0.000198619089          0.000039357651          0.000112389020          0.000039982333         -0.000015143843          0.000003667924          0.000000466529          0.000010835173          0.000009561382         -0.000013663533         -0.000033902921
         0.000000000357         -0.000000000002          0.000000042495          0.000000244301         -0.000000262782         -0.000000000687          0.000000006437         -0.000000001826         -0.000000007953          0.000000045921          0.000000006271          0.000000102972          0.000000133208         -0.000000006832          0.000000067287          0.000000109070          0.000000010936          0.000000020076          0.000000000039         -0.000000000270         -0.000000000000          0.000000000005          0.000000000001          0.000000000002          0.000000000005         -0.000000000039          0.000000000000          0.000000000000         -0.000000000001         -0.000002059754         -0.000002065323         -0.000002061397         -0.000002083800         -0.000002093670         -0.000001164025         -0.000001205446         -0.000000909706         -0.000002473813         -0.000002559702         -0.000002393009         -0.000002495162         -0.000002503883          0.000000090335          0.000000149973          0.000000637820         -0.000002696031         -0.000000503969         -0.000000266018          0.000000016367          0.000000017635          0.000000011153         -0.000000099737         -0.000000005446          0.000000098747          0.000000023792         -0.000000054882         -0.000000005713         -0.000000006121
        -0.000000000056         -0.000000000000         -0.000000005927          0.000000014791          0.000000003794         -0.000000000064          0.000000000083         -0.000000000039          0.000000000014         -0.000000001298         -0.000000001430          0.000000002097          0.000000004181          0.000000011005          0.000000005759          0.000000003889          0.000000004497          0.000000000039          0.000000000021         -0.000000000121          0.000000000000         -0.000000000000         -0.000000000000         -0.000000000007         -0.000000000005          0.000000000022         -0.000000000000         -0.000000000000          0.000000000000          0.000000212945          0.000000214121          0.000000214113          0.000000214005          0.000000214942          0.000000159028          0.000000159461          0.000000056328         -0.000000201635         -0.000000205599         -0.000000199020         -0.000000207134         -0.000000204855         -0.000000003925          0.000000007908         -0.000000010227          0.000000016879         -0.000000004832         -0.000000003644         -0.000000006121         -0.000000001283          0.000000001902          0.000000001288         -0.000000000257         -0.000000002074          0.000000000675         -0.000000000211          0.000000000559         -0.000000002049
         0.000000000131         -0.000000000002          0.000000048166         -0.000000084691         -0.000000038292          0.000000000613         -0.000000000897          0.000000000413         -0.000000000281          0.000000004144          0.000000010760         -0.000000018045         -0.000000029479         -0.000000078278         -0.000000042681         -0.000000034286         -0.000000028346         -0.000000000270         -0.000000000121          0.000000000805         -0.000000000000          0.000000000000          0.000000000001          0.000000000045          0.000000000020         -0.000000000139          0.000000000000          0.000000000000         -0.000000000000         -0.000001286858         -0.000001291624         -0.000001292725         -0.000001291731         -0.000001297936         -0.000000669336         -0.000000674756         -0.000000624986          0.000001211559          0.000001237694          0.000001183533          0.000001255428          0.000001232334          0.000000038495         -0.000000037719          0.000000116929         -0.000000274996          0.000000034077          0.000000043756          0.000000046945         -0.000000003046         -0.000000016385         -0.000000006274         -0.000000000985          0.000000011846         -0.000000007017          0.000000000686         -0.000000008428          0.000000014688
         0.000000000005         -0.000000000000          0.000000000329          0.000000000542         -0.000000000148         -0.000000000000          0.000000000006          0.000000000001          0.000000000006         -0.000000000048          0.000000000011         -0.000000000337         -0.000000000269         -0.000000000038         -0.000000000536         -0.000000000274         -0.000000000273         -0.000000000000          0.000000000000         -0.000000000000          0.000000000000          0.000000000000         -0.000000000000         -0.000000000000         -0.000000000000          0.000000000000         -0.000000000000         -0.000000000000          0.000000000000         -0.000000003251         -0.000000003283         -0.000000003294         -0.000000003287         -0.000000003282         -0.000000007007         -0.000000007006          0.000000003686          0.000000003377          0.000000003205          0.000000003408          0.000000003378          0.000000003187          0.000000000084          0.000000000169         -0.000000000858         -0.000000000157         -0.000000000361         -0.000000000223         -0.000000000142         -0.000000000092          0.000000000014         -0.000000000234          0.000000000081          0.000000000136         -0.000000000048          0.000000000004         -0.000000000019          0.000000000001
        -0.000000000001         -0.000000000000          0.000000000214          0.000000000074         -0.000000000108         -0.000000000001          0.000000000002         -0.000000000000          0.000000000004         -0.000000000005         -0.000000000037         -0.000000000122         -0.000000000196         -0.000000000046         -0.000000000209         -0.000000000165         -0.000000000183          0.000000000005         -0.000000000000          0.000000000000          0.000000000000          0.000000000000         -0.000000000000          0.000000000000          0.000000000000         -0.000000000000         -0.000000000000          0.000000000000         -0.000000000000         -0.000000002861         -0.000000002871         -0.000000002862         -0.000000002870         -0.000000002882         -0.000000004970         -0.000000004991          0.000000002086          0.000000001633          0.000000001592          0.000000001625          0.000000001790          0.000000001575          0.000000000024          0.000000000059          0.000000000402         -0.000000000668         -0.000000000100         -0.000000000047          0.000000000040         -0.000000000072         -0.000000000013         -0.000000000111          0.000000000015          0.000000000056          0.000000000001         -0.000000000001          0.000000000014          0.000000000013
        -0.000000000019         -0.000000000000         -0.000000000446         -0.000000000194         -0.000000000007          0.000000000005         -0.000000000004         -0.000000000000         -0.000000000019          0.000000000030          0.000000000125          0.000000000479          0.000000000448         -0.000000000200          0.000000000606          0.000000000371          0.000000000317          0.000000000001         -0.000000000000          0.000000000001         -0.000000000000         -0.000000000000          0.000000000000          0.000000000000          0.000000000000         -0.000000000000          0.000000000000         -0.000000000000         -0.000000000000          0.000000001647          0.000000001665          0.000000001653          0.000000001653          0.000000001667          0.000000008840          0.000000008890         -0.000000007162         -0.000000002231         -0.000000001969         -0.000000002301         -0.000000002436         -0.000000001994          0.000000000015         -0.000000000094          0.000000001902         -0.000000000993          0.000000000058          0.000000000166          0.000000000116          0.000000000171         -0.000000000041          0.000000000221         -0.000000000026         -0.000000000065          0.000000000014         -0.000000000014         -0.000000000004          0.000000000011
         0.000000000274         -0.000000000003         -0.000000032319         -0.000000063249          0.000000028072          0.000000000113         -0.000000001100          0.000000000051          0.000000000051          0.000000002550          0.000000007460         -0.000000005142         -0.000000024164         -0.000000022462         -0.000000009922         -0.000000013801         -0.000000023551          0.000000000002         -0.000000000007          0.000000000045         -0.000000000000          0.000000000000          0.000000000000          0.000000000062          0.000000000011         -0.000000000073          0.000000000000          0.000000000000         -0.000000000000         -0.000000579385         -0.000000578200         -0.000000579055         -0.000000577862         -0.000000579261          0.000000863534          0.000000863728         -0.000001447882          0.000000599477          0.000000614222          0.000000584950          0.000000621812          0.000000583645          0.000000020145         -0.000000016236         -0.000000058509          0.000000022403          0.000000053401          0.000000045504          0.000000006181         -0.000000002320         -0.000000003221          0.000000003715         -0.000000000741         -0.000000005610          0.000000002804          0.000000000328          0.000000002564         -0.000000004167
        -0.000000000155         -0.000000000001         -0.000000002864         -0.000000012645          0.000000002210          0.000000000098         -0.000000000190          0.000000000079         -0.000000000002          0.000000001356          0.000000000629         -0.000000003927         -0.000000010715         -0.000000013839         -0.000000004389         -0.000000008810         -0.000000011593          0.000000000005         -0.000000000005          0.000000000020         -0.000000000000          0.000000000000          0.000000000000          0.000000000011          0.000000000006         -0.000000000033          0.000000000000         -0.000000000000         -0.000000000000         -0.000000227911         -0.000000227073         -0.000000227396         -0.000000227283         -0.000000227333          0.000000079344          0.000000079670         -0.000000307198          0.000000263487          0.000000268796          0.000000256191          0.000000271611          0.000000263492          0.000000009507         -0.000000009866          0.000000028143         -0.000000001021         -0.000000000038         -0.000000000786          0.000000006308          0.000000000765         -0.000000001229          0.000000003091         -0.000000000812         -0.000000002262          0.000000000306          0.000000000021          0.000000000871          0.000000000501
         0.000000001233          0.000000000012          0.000000018625          0.000000083944         -0.000000010046         -0.000000000870          0.000000001929         -0.000000000654          0.000000000280         -0.000000005782         -0.000000008195          0.000000024353          0.000000079660          0.000000103519          0.000000035415          0.000000068950          0.000000082192         -0.000000000039          0.000000000022         -0.000000000139          0.000000000000         -0.000000000000         -0.000000000000         -0.000000000073         -0.000000000033          0.000000000221         -0.000000000000         -0.000000000000          0.000000000000          0.000001420657          0.000001413996          0.000001417143          0.000001416015          0.000001416944         -0.000000835490         -0.000000835491          0.000002252508         -0.000001664354         -0.000001700585         -0.000001600806         -0.000001731980         -0.000001653990         -0.000000071421          0.000000053783         -0.000000188284          0.000000105913         -0.000000012021         -0.000000015102         -0.000000043710         -0.000000001875          0.000000009369         -0.000000013201          0.000000006814          0.000000008936         -0.000000002117         -0.000000000064         -0.000000003710         -0.000000004595
         0.000000000026          0.000000000000          0.000000000368          0.000000002401         -0.000000000666         -0.000000000012         -0.000000000128          0.000000000008         -0.000000000020          0.000000000034          0.000000000066         -0.000000000149          0.000000000134         -0.000000000076         -0.000000000160          0.000000000117         -0.000000000318          0.000000000000         -0.000000000000          0.000000000000         -0.000000000000         -0.000000000000          0.000000000000          0.000000000000          0.000000000000         -0.000000000000          0.000000000001          0.000000000000         -0.000000000001         -0.000000006371         -0.000000006505         -0.000000006371         -0.000000006512         -0.000000006511         -0.000000017350         -0.000000017319          0.000000010697          0.000000005713          0.000000005810          0.000000006105          0.000000005812          0.000000005806          0.000000000319          0.000000000189         -0.000000000268         -0.000000002466         -0.000000002043         -0.000000001480         -0.000000000286         -0.000000000914          0.000000000273         -0.000000000051          0.000000000201          0.000000000320         -0.000000000042         -0.000000000053         -0.000000000015          0.000000000021
         0.000000000014          0.000000000000          0.000000000916          0.000000001375         -0.000000001185         -0.000000000011         -0.000000000141          0.000000000004         -0.000000000041         -0.000000000052          0.000000000029         -0.000000000210         -0.000000000168         -0.000000000280         -0.000000000274         -0.000000000161         -0.000000000274          0.000000000000         -0.000000000000          0.000000000000         -0.000000000000          0.000000000000         -0.000000000000          0.000000000000         -0.000000000000         -0.000000000000          0.000000000000          0.000000000000         -0.000000000000         -0.000000004073         -0.000000004182         -0.000000004141         -0.000000004172         -0.000000004255         -0.000000018809         -0.000000018708          0.000000014534          0.000000004032          0.000000004152          0.000000004001          0.000000004255          0.000000004105          0.000000000277          0.000000000712         -0.000000003628          0.000000003716         -0.000000000357         -0.000000000264         -0.000000000586         -0.000000000239          0.000000000221         -0.000000000143          0.000000000160         -0.000000000025         -0.000000000075          0.000000000007          0.000000000074          0.000000000038
