114279.266001000001 166934.526618000001 40.139522811694 19.374764942973 47.224156223649 -31871.044040000000 282.236737120000 7842.237692200000 13931.443348380000 -1481.506917124879 1378.259465220000 -872.188277621600 2749.117345136000 -180.847175490000 -1177.304929128000 -797.883642310000 509.235520120000 -353845.002942999997 181285.985528000001 -679940.880702887090 19198908.872099999709 1218037557.476000127615 727740115.486227108689 -955203.723561362950 4400323.850764785485 603051.588606970325 -1714294.394539000157 20396181.793670999707 11912555.884035133210 109.156917826000 105.015749466000 296.399598176000 -338.176025628000 -61.465382722000 -248.681655874400 147.979013110800 -100.702642565000 -835.238670288094 700.850994911040 317.346751091862 841.029728027126 -1013.760589089999 -155.159934265494 -269.374883803103 -28.331860747871 18.241331983405 -308.056836041902 337.934776107898 -63.806901889861 22.476601535760 78.009990862057 -193.904829184619 -365.637487855432 -48.189474917745 1547.427241762387 90.026533132089 -1636.159275782405 652.495246851783 
166934.526618000001 6123563916.124700008892 -918666.698659337408 157193.452985753090 -689668.401781242276 65662022.446635999910 17341787.317132799966 42613743.526496799961 4773660.656906000130 471800.954544340119 2426899.729446199994 103801.571898470000 300602.189744640000 -66201.771176040000 134473.808341163999 121338.507231740000 180680.610191000000 -67522307.287035999769 -55162354.724600000147 -62166447.957322964994 -6846018604.441000019200 221291380867.800018578768 -99653936940.527762576938 -48622181.923326126434 -1520304097.760895435233 -773779753.327644991921 -9696734424.737390010618 16144658062.624369554222 -5522772183.310493085533 -12166.801512660000 8273.944832020000 -55117.612429160000 -36900.739147420000 -74911.410993260000 72045.657297528000 99290.313532958000 171335.970830060000 59239.169886695180 -45626.670172231259 246387.198504939639 -378468.377579916634 118982.030937238718 58439.528121276132 3244.158327471386 18473.650947818376 10707.996631060280 60062.039855404613 98419.637878834039 80731.789669816601 -281118.094057609641 1153029.997896673989 -133959.165573555628 -1539504.428578161505 317629.624356737640 20056.791255090249 103659.067110694978 31008.298542396435 46185.147268633046 
40.139522811694 -918666.698659337408 389.440570830024 157.770255837704 373.979326532981 -9168.645840948997 -2292.600789209813 -9854.518818079279 481.750422680801 801.719739706029 -664.766512264580 -21.246611646758 -20.153210540728 24.060522248273 -19.444826101954 -60.238513692888 -122.947958019227 17939.743714688599 7332.165006665194 8459.691823128969 5727778.928473801801 -55415616.449412562710 42905942.796589038735 96370.679107034943 504566.921839530235 292849.033453106685 2524715.843728908848 456004.861973782267 2516307.003459176606 9.811346761412 1.727636382595 4.999223557797 8.599590485251 26.093795483986 -39.202681531007 -11.475369492568 -50.678051025036 -7.397219744561 33.775236382276 -107.484113083791 138.645300096747 -56.985662007094 88.607591565178 31.249358090194 8.693036885752 2.522154667505 125.390198461376 31.868557842990 67.184488167846 88.063930139433 -78.656537143679 -33.215696100836 182.217570160089 -92.529602579889 12.470201933940 -33.303180165192 -5.162962914294 -6.057702123285 
19.374764942973 157193.452985753090 157.770255837704 285.954506064028 199.049193615348 3271.658870884707 1022.866409955063 -1270.452351797829 265.871198168208 1338.926874362739 -185.560451333470 10.864073796573 -9.818213960730 44.420105565807 13.010537907539 45.146371810180 -71.660019332321 2426.045773005764 -27258.127731515474 -362.764840896548 2035828.830533902974 -7256389.492822301871 7609961.903276817299 3282.997595429213 -48092.954553467889 -12154.229702638411 1222390.902962417095 3281965.751987234115 2009867.942609275259 12.685474472955 10.293253352888 2.415011909363 5.465776037123 10.451741581121 -32.359483411589 -7.961031847429 -40.320515257264 31.308351596351 -18.716363821097 -46.688302582424 -1.759445005349 36.846501909351 131.685076277181 37.123918992813 12.065955185275 4.855376753588 203.923162022307 82.001302187978 105.137295086088 28.261931778163 224.520611745077 -75.618339036542 -149.617044100054 -32.082205068307 -19.020203176864 -13.941291786190 22.084457407549 -13.410099970129 
47.224156223649 -689668.401781242276 373.979326532981 199.049193615348 429.577469259724 -9771.603342940853 -2042.601192384919 -12926.880312375047 193.416913636084 885.673015350432 -649.336316096731 12.181968199198 -48.366646258590 81.747049368950 -10.942435592603 -17.739861569746 -73.625028214586 18389.137805577388 1099.950317963930 16185.193427920216 4538993.030648081763 -56217678.832449334612 24113187.835205422043 -33074.159842460517 -75938.642745543453 -911.425337619438 1902582.911375329967 371772.942736917851 1916888.746351282950 8.878696913959 -0.230767037747 11.006449956100 10.338614090166 29.144951145919 -38.901070741525 -19.539695486455 -58.440766227010 46.473168603249 15.502032847375 -68.237163805687 12.903122558297 -5.943981362946 98.746499822256 33.531571492004 12.253266416807 3.767915260725 155.204194901788 43.469403483977 76.902991372006 66.085573137888 8.093431130695 -43.886575701609 77.674309868372 -70.196234127515 -20.441418447823 -42.680556917960 9.252340435733 -26.083369825571 
-31871.044040000000 65662022.446635999910 -9168.645840948997 3271.658870884707 -9771.603342940853 3529296.987686000022 532809.586699040001 971963.340980200001 148657.467777260002 31504.789657276118 75672.308705640000 2055.725330711800 1608.229146512000 -8817.776309970000 4137.083465078000 -10276.612540180000 -3720.958283260000 -1810915.792126999939 15262470.384155999969 30830.128512658169 -212645681.961800001271 6338001773.152000135742 1300642164.940476960153 24070722.299642546932 155489160.325575704133 59524624.997892047410 -82217798.204767999909 1129695058.823962001363 161523364.298108862669 211.233704092000 -569.000165048000 -3847.898556708000 -1080.686165226000 -463.317007804000 3152.633720859200 2607.357908314600 5759.991629355000 -3666.075431886935 -2516.189251804153 -865.300551764213 14647.237916402924 -7589.349242021909 4922.440970901437 1674.899427250494 78.733063809024 53.683463580463 1459.558791532765 1833.837960689179 4204.057902550539 -2679.993682831003 19131.629419270034 -5061.209172671949 -23445.009629670640 2697.778295914090 4556.894403138989 2559.011174147262 622.599486279936 4046.812102940171 
282.236737120000 17341787.317132799966 -2292.600789209813 1022.866409955063 -2042.601192384919 532809.586699040001 467894.808671424021 251933.042254671997 23813.698618008000 3680.453500524572 20186.902590560000 -1408.757361206960 1034.189487699200 -3372.409535869600 2673.154193088160 6504.074030137600 -4025.546032328000 -400058.617393839981 -720134.050203199997 -674192.031844436095 -140160758.621680000680 958936452.905599761754 -695080835.859404722229 5706241.721888589475 -6069231.758727236802 -879923.445519366863 -81436171.334559999741 621909688.170202406123 45724221.075836659027 1002.389683411200 -79.313254609600 -1098.682500388800 -776.001653029600 -973.539671545600 1286.440074638080 642.146116510000 1928.586191164400 -1357.574294867912 80.057254294283 -2152.808985167052 -566.070304040647 3999.835124749422 565.685859638336 684.789216575774 155.349837920736 -18.459174966429 1623.478370277989 -599.117418886785 407.067799352598 -915.288308935617 4246.184545759462 -392.220865565583 -3676.680846310625 804.318222413793 -510.766531290268 582.650113457342 259.232177051811 -272.184629752537 
7842.237692200000 42613743.526496799961 -9854.518818079279 -1270.452351797829 -12926.880312375047 971963.340980200001 251933.042254671997 2099326.809298180029 -76434.471257762000 -2139.115946056658 34095.464233712000 -775.354567059660 10768.178067361600 -13841.640237837000 -704.870941007000 -897.242052028000 -8646.237650738000 -1253716.092653500137 85405.185902800017 -1984078.352102868174 54016772.069759998987 4402469709.997600118630 1315632195.785423868569 23116518.885386440743 91573762.508038508524 44728631.816367309777 -3016559.891359400635 319971333.427633599058 82418189.532322968778 65.920492045600 -136.155306344400 -1758.321492844400 -993.041681231800 -849.136349399200 1312.833198508160 2362.196363383180 3675.029561875500 -11221.839522234359 3447.162596677449 -5253.406954131707 15150.539779300042 -2118.160675481927 1168.912980137442 -352.080419879790 -327.484518013113 85.183748142607 -3240.374948376124 1982.668300800630 1600.558632598160 -844.905174496024 8105.391130949215 -1893.684433265450 -9949.082578080819 1495.158371352590 4278.458957791472 2581.473538669247 -626.314462336024 3233.672368641445 
13931.443348380000 4773660.656906000130 481.750422680801 265.871198168208 193.416913636084 148657.467777260002 23813.698618008000 -76434.471257762000 509654.859776224936 -483.311921187514 -2636.582828848000 -1325.576855355850 5382.154145570400 -2743.303457543900 -739.112964458260 -4917.412719031600 -3711.001495455000 150481.812140989976 3289502.319583000189 -275936.338017638343 333813750.818239997549 -156150742.273999976911 2637242194.160119275097 7512236.684523815399 43145616.145976100292 19609623.845958569247 -1783758.647381900080 437374905.061027200398 125022546.785805159991 587.139411072400 333.229696256200 52.085167857400 -287.790673093700 153.336637732400 -408.563770814720 -428.250796694070 -836.814567524150 -2298.350920169846 169.145776375730 -3092.199387860197 10124.684055750344 -4902.093851780047 1110.683883113301 -411.172670856998 112.364495234830 219.329442468284 -1246.103253339134 1512.673833898048 1129.850480365137 -23.194197575203 3616.198466827395 -1740.191659179609 -4702.099670726348 317.983205612033 2325.199233949451 596.411718691515 -502.672723399738 1470.565499337130 
-1481.506917124879 471800.954544340119 801.719739706029 1338.926874362739 885.673015350432 31504.789657276118 3680.453500524572 -2139.115946056658 -483.311921187514 8438.138326125061 -362.610362152342 -33.541699532300 -328.640972466453 308.598869455433 20.592356016186 -256.611166598513 319.839588855816 -12793.674159337954 78507.033783499006 -7592.829533499866 5583107.145029994031 39290374.653184269977 67516026.138671948735 -54246.678966521473 214666.804254219863 25254.937246419892 4720979.689112286300 14993266.967062089489 8402598.872312514632 19.698304528958 29.018475480189 18.441649771354 55.792170729273 44.168166924934 -152.690834842998 -9.780018723823 -162.470853569336 213.508476783412 -212.763255179960 245.681144341435 -32.637937662708 -209.140514390565 547.318343694486 129.172021990382 37.944283473799 16.740247144163 911.604210828607 427.835689795521 453.298717510316 140.738126646051 873.987091993403 -322.071642820899 -563.779668405343 -169.816086328194 -160.598902010693 -102.882379137840 136.897944674370 -114.651257040958 
1378.259465220000 2426899.729446199994 -664.766512264580 -185.560451333470 -649.336316096731 75672.308705640000 20186.902590560000 34095.464233712000 -2636.582828848000 -362.610362152342 101707.701918566000 1597.451398681460 -1128.855528880000 -3420.203070485600 -1524.265640746840 2653.260485308600 1326.267010778000 -115119.754145840005 16325161.549913199964 2244891.843486920959 -793610011.184050004347 541595877.584400010644 -2261861562.489981654100 -17533386.104325470151 34958878.465373792627 -135964.048372871777 -14498593.958794699874 2223250.026091699861 -9658369.977407157023 -399.157811201000 -256.214290071800 -451.584050446000 -302.227182153000 -73.470705570200 567.519469522160 922.378728616340 1489.898198148400 -2446.597120931323 -571.074103939650 340.088162805550 -142.516904679362 2827.344125442839 164.395032522879 348.568261338572 33.751141037564 -20.342113808845 260.481065059773 -441.144167853776 154.241137832081 -89.692161907755 889.932557160371 95.859172997004 -365.889971814841 222.442630717001 96.349193483493 296.713688493466 -143.897933534058 154.426985965813 
-872.188277621600 103801.571898470000 -21.246611646758 10.864073796573 12.181968199198 2055.725330711800 -1408.757361206960 -775.354567059660 -1325.576855355850 -33.541699532300 1597.451398681460 1504.600712305941 -260.061789577848 -273.047051683177 -116.823687757681 -333.291617466538 -266.240733215550 24674.721430795702 869235.190205630001 185204.019561880592 -9730714.733526300102 -83230222.783839985146 -122616009.566610255133 -170085.599111831241 1406610.496471500810 255619.928048095525 158792.026359338004 -5236555.385866049032 -1786928.176302613447 -27.465753091538 -28.363416740604 -0.500292134738 -15.905153357781 25.709632134722 15.348942609179 31.226444695479 46.575387304565 -38.192744123751 -114.329838357932 -188.358271354631 -160.328105571038 501.259363522076 29.180423253109 39.731944200001 4.830016100817 -0.937451651471 41.533712196706 -30.504333474098 31.871915890768 -4.537902189667 75.844986494354 1.553644011323 -32.337183472136 10.619809809502 -15.376137949854 46.857302029174 15.551275045149 11.758211104773 
2749.117345136000 300602.189744640000 -20.153210540728 -9.818213960730 -48.366646258590 1608.229146512000 1034.189487699200 10768.178067361600 5382.154145570400 -328.640972466453 -1128.855528880000 -260.061789577848 3827.562192031360 -810.631170036880 -290.163641895152 -914.314894302720 -854.634756666400 -21204.719333752000 -312955.112920159998 -94324.150289066246 -538080.647743999850 58964185.465279996635 -59074642.725998141879 182074.352253647817 512822.386231065393 247859.875773290506 -4778046.527760399980 -5447536.293247680025 -4886158.078808263494 119.011394088960 -45.259599709280 -19.139321491040 -69.328222965680 -42.151713370880 -4.044779974016 61.119003156280 57.074223183320 -592.172661392268 1287.832166738957 -532.148991185843 640.537998456389 -803.841752883616 30.829906907390 -44.421209670917 1.274458573735 11.142332080421 -97.862106519819 88.587041486773 44.080619948342 -20.011334627775 173.655241395987 -162.164521767254 -313.961105559113 -13.616374798607 165.766349836540 -32.196192944955 -86.579518906483 92.059932003240 
-180.847175490000 -66201.771176040000 24.060522248273 44.420105565807 81.747049368950 -8817.776309970000 -3372.409535869600 -13841.640237837000 -2743.303457543900 308.598869455433 -3420.203070485600 -273.047051683177 -810.631170036880 3951.160791842250 -322.972543017490 -967.117120181000 -838.200099351100 5500.105052835001 -774697.415662340000 -36443.154043639922 25194882.342532000130 -10023805.682279994746 285198190.952661515039 -36405.425830788191 -1777429.934636517156 -856194.654481223912 -1493820.202735030024 871349.566197719941 -667907.090513622187 70.208858720920 -9.584469100380 78.414803365420 73.477144995990 -47.787378339640 -96.343430500128 -68.203089759559 -164.546520259375 2178.184959493263 -289.360467671667 -564.507295199161 -742.721732476824 -581.413024760097 -85.186275330431 53.445958731977 10.917172372220 -10.507351190456 187.706310050176 -143.759160988207 -38.402160841818 -50.523788230711 -15.912857929209 96.912227094031 224.114693927831 1.053170504587 -139.989058442513 42.719483166652 -10.360705992819 -78.362251249213 
-1177.304929128000 134473.808341163999 -19.444826101954 13.010537907539 -10.942435592603 4137.083465078000 2673.154193088160 -704.870941007000 -739.112964458260 20.592356016186 -1524.265640746840 -116.823687757681 -290.163641895152 -322.972543017490 1766.936394894358 -421.930439283060 -291.262865207740 11317.602418512999 -38054.726927556001 107484.653811398877 26760795.224577799363 -34334927.485951998853 -58760060.328509310872 337831.262666288821 -724291.036889013169 59073.271046274382 1839652.222635908016 7831448.430623918147 2803620.796011659269 -41.712036452932 38.150872143528 -22.390956188132 47.220368374646 -5.795484745436 20.724089741813 -36.158278296073 -15.434188554165 372.316591731998 -104.745631273690 24.649271551490 -90.886668777712 -201.294988654677 0.904836291949 29.944450670719 9.297366359051 -1.885485847734 75.262398059407 -63.075630072370 -12.247779827403 -37.599423339136 7.736826864058 12.967296138684 0.700871120961 -1.886330005008 -51.172140725118 30.448551364797 15.738084630585 -15.264787184970 
-797.883642310000 121338.507231740000 -60.238513692888 45.146371810180 -17.739861569746 -10276.612540180000 6504.074030137600 -897.242052028000 -4917.412719031600 -256.611166598513 2653.260485308600 -333.291617466538 -914.314894302720 -967.117120181000 -421.930439283060 4482.691658413500 -933.777254223400 4348.315098740002 -287980.642727959999 -53500.219568097286 -36895801.212216999644 -36923361.215319998650 -326703975.909506541735 -841450.382108606879 -6769978.121242249920 -2427272.703119854010 -822957.148895070012 -318739.281544070120 -484366.955802782707 21.790928127980 68.293634245780 36.227244923480 -35.165708298940 -60.091476751660 42.587301125368 -73.471607427346 -30.884306302500 -720.203801673978 -403.026699212250 -444.767710106006 -897.882372424657 2466.050899360626 -2.628337054713 107.610522052483 8.135683716497 -14.105431868007 246.532126729197 -200.807782057515 -33.278001977927 13.932793708023 -30.685440415106 202.811612429015 426.329509863730 47.047392679675 -184.155315636897 61.381672532568 18.691043776240 -130.249549256709 
509.235520120000 180680.610191000000 -122.947958019227 -71.660019332321 -73.625028214586 -3720.958283260000 -4025.546032328000 -8646.237650738000 -3711.001495455000 319.839588855816 1326.267010778000 -266.240733215550 -854.634756666400 -838.200099351100 -291.262865207740 -933.777254223400 3896.363352935000 -39102.744429490001 -376852.353671000001 -171591.075018128729 -30564600.332590000022 129753897.028000002865 -111815256.402824211342 -1091515.542576382176 -3814205.995198502341 -2435550.001467778150 -5340148.586521599995 -16663619.820075699981 -9646702.735706133689 -42.552894483400 -9.178211587200 -22.557236493400 22.844651001700 80.580700814600 -6.944362400880 -21.970016430730 -28.914378833350 -598.027287928723 -448.693987554620 2275.843434533201 -673.900913894038 -554.998614733947 -209.624067195249 -193.968054102232 -39.205726384391 0.369802266711 -291.352110628946 220.261816969048 -156.894889647589 -38.733609121880 -313.214162872832 63.124995785472 -104.159976645285 72.612381897397 -191.636938515482 -180.908839336894 112.788456231729 -139.098451127558 
-353845.002942999997 -67522307.287035999769 17939.743714688599 2426.045773005764 18389.137805577388 -1810915.792126999939 -400058.617393839981 -1253716.092653500137 150481.812140989976 -12793.674159337954 -115119.754145840005 24674.721430795702 -21204.719333752000 5500.105052835001 11317.602418512999 4348.315098740002 -39102.744429490001 179348687.528730495076 25175699.376994000248 151205857.675034537941 -7877406358.707199504599 -465055344407.852096140385 -160005958633.645426511765 -357981528.389225645631 -1280379725.852153320564 -629644865.682252671220 -1615038594.977417031769 -5777387855.589831872378 -3214171914.603071903577 4293.639226468001 -8748.017384722000 4140.215065018001 7215.990517821000 2502.833261164000 -10606.529515267201 1235.790945429900 -9370.738569652499 4511.460100377145 8410.026735604074 -30689.827501485101 -2139.274065571253 19941.536847275073 -679.795902070625 10437.051338537243 2496.046666236867 -264.707198376073 17717.693352972609 -15189.416948909952 1045.247812834910 1952.641696756659 -8775.651222919548 8368.581018405380 35677.295099948490 -3376.059559897649 -2388.584553774519 17162.886889531128 3580.280624152480 4159.683540777221 
181285.985528000001 -55162354.724600000147 7332.165006665194 -27258.127731515474 1099.950317963930 15262470.384155999969 -720134.050203199997 85405.185902800017 3289502.319583000189 78507.033783499006 16325161.549913199964 869235.190205630001 -312955.112920159998 -774697.415662340000 -38054.726927556001 -287980.642727959999 -376852.353671000001 25175699.376994000248 521621690877.445008933544 78327226693.082304619253 -195667451608.091995596886 132326552993.599990837276 -342568857442.077183067799 899397619.271913664823 489235465533.961668193340 72181379930.713827781379 32104882642.313500072807 255150954571.366381675005 105095031006.670268103480 633291.726540040003 -101177.771711680000 6558.177646040000 37440.608493980000 -20252.206514759999 -331159.984118672000 -223582.100087862000 -554742.084190489998 -225006.360524130724 -112907.055786396453 -236456.069705485592 768117.605902416855 -192629.669621272452 53253.920843213220 14042.324649855621 369.691062193518 1777.118303791630 18023.071418716684 -44277.257487774833 75894.009252476619 45537.027438766977 251252.580830584365 -127570.889241956776 -222763.360540064350 11198.738342385982 507818.869928275550 149737.438648219066 -730.013255927335 297972.374077355011 
-679940.880702887090 -62166447.957322964994 8459.691823128969 -362.764840896548 16185.193427920216 30830.128512658169 -674192.031844436095 -1984078.352102868174 -275936.338017638343 -7592.829533499866 2244891.843486920959 185204.019561880592 -94324.150289066246 -36443.154043639922 107484.653811398877 -53500.219568097286 -171591.075018128729 151205857.675034537941 78327226693.082304619253 13327183859.925996605307 -56116630423.242144592106 -426414078579.391190916300 -278756712806.893477678299 -426937497.138131271611 72076812404.506659299135 10867965583.424909501337 4493374351.840629315935 28983674885.753355570138 12526190056.920913595706 48586.156417156198 -16414.101656242383 4152.643926981957 11393.707442534889 24070.962204397378 -57015.005887393446 -14448.850683498656 -71463.856570864843 66089.892053041736 138.907640737951 -94103.684323836984 37413.980368344866 -9213.583975880957 5617.552918505465 20382.463202339944 4442.618406827577 -510.619969741131 36098.987296413774 -36361.039890081236 9223.390295410201 1545.824475213425 40790.818906712867 -2469.650820667915 11589.179888732243 28.299071707540 57639.017088657457 30236.593542402496 18134.098854683293 27166.535671096619 
19198908.872099999709 -6846018604.441000019200 5727778.928473801801 2035828.830533902974 4538993.030648081763 -212645681.961800001271 -140160758.621680000680 54016772.069759998987 333813750.818239997549 5583107.145029994031 -793610011.184050004347 -9730714.733526300102 -538080.647743999850 25194882.342532000130 26760795.224577799363 -36895801.212216999644 -30564600.332590000022 -7877406358.707199504599 -195667451608.091995596886 -56116630423.242144592106 85284788111697.096000671387 25289836252767.998842239380 81114960555192.961090087891 578118007213.478698015213 302683626161.180314689875 333422948277.770431041718 336679275088.137979149818 1928342380228.975100874901 879778097943.996550202370 -10236051.352108999975 1810634.342976999912 7352587.400266000179 3239546.171147000037 -1576900.319362999832 3159698.818628400350 -3738353.982101500020 -578655.163498000097 20063490.370156548526 -4088731.567931858443 -21006380.461804825018 32566949.194823026466 -27524166.455965721765 3563029.924400683343 -848216.020806159711 335896.474977740970 359278.054369753311 -126127.102385563732 2138503.506351667332 3146669.389704184432 1206953.830125697266 3243958.673270781953 -6024476.498280873225 -10343282.491019676455 -3198563.294236191343 13941209.557797163945 2925849.159884880127 -2466675.247305086531 9171054.085470790443 
1218037557.476000127615 221291380867.800018578768 -55415616.449412562710 -7256389.492822301871 -56217678.832449334612 6338001773.152000135742 958936452.905599761754 4402469709.997600118630 -156150742.273999976911 39290374.653184269977 541595877.584400010644 -83230222.783839985146 58964185.465279996635 -10023805.682279994746 -34334927.485951998853 -36923361.215319998650 129753897.028000002865 -465055344407.852096140385 132326552993.599990837276 -426414078579.391190916300 25289836252767.998842239380 1682138372601400.000000000000 554826194649349.386047363281 1275140752459.059607505798 4889167828326.892278671265 2381110864009.536802768707 5952378100842.122037887573 18998442899882.942522048950 11190211288962.478789329529 -33580577.291320002332 23322747.454439999852 -29923686.064320007777 -18288921.973839998114 7391375.553080002367 37397802.383376008744 14401294.113495998528 51799096.495420006577 -9905076.739673968455 -15151141.297144674775 88984567.151579020268 10145629.686426779914 -73353944.626536783850 2240957.060386245596 -37635209.113166071464 -8352740.883167321755 1382134.055034383940 -60649049.239936749240 53235191.301418029514 -3918624.240723135148 -5777329.486783440493 28688849.780769414210 -27590940.452546577504 -118637239.428329908376 10446221.636090375601 7711710.356879293140 -46168988.274848146510 -15007104.000971727823 -10991557.991599396633 
727740115.486227108689 -99653936940.527762576938 42905942.796589038735 7609961.903276817299 24113187.835205422043 1300642164.940476960153 -695080835.859404722229 1315632195.785423868569 2637242194.160119275097 67516026.138671948735 -2261861562.489981654100 -122616009.566610255133 -59074642.725998141879 285198190.952661515039 -58760060.328509310872 -326703975.909506541735 -111815256.402824211342 -160005958633.645426511765 -342568857442.077183067799 -278756712806.893477678299 81114960555192.961090087891 554826194649349.386047363281 503437090447516.684539794922 1575553876631.349512815475 3795605498738.213648796082 2139542793057.938063144684 5158437728990.575110435486 19056547781013.681324005127 10722771712979.636306762695 -6712176.628953591236 13433523.549796953184 10499930.521183586492 9208913.852874779387 4988470.864047530426 -6074438.151988302809 -25110624.599824754392 -31185062.750413275162 140016990.218948695721 -50625312.750796695709 -91054419.264177176155 308878195.406960857101 -306981854.199632341391 30963689.387771598811 -21752379.158636157939 -2646432.941160100634 3230391.992895034657 -40275290.047039816745 47530544.217515816068 20896638.811828559017 14980287.449411837764 13722648.784479639418 -52747583.389218967633 -75491929.059190556669 -23498927.782457699426 58584027.300443283766 -13565847.556228403620 -11623360.193967221518 32276259.376083523406 
-955203.723561362950 -48622181.923326126434 96370.679107034943 3282.997595429213 -33074.159842460517 24070722.299642546932 5706241.721888589475 23116518.885386440743 7512236.684523815399 -54246.678966521473 -17533386.104325470151 -170085.599111831241 182074.352253647817 -36405.425830788191 337831.262666288821 -841450.382108606879 -1091515.542576382176 -357981528.389225645631 899397619.271913664823 -426937497.138131271611 578118007213.478698015213 1275140752459.059607505798 1575553876631.349512815475 34525391145.584887903184 16298226446.687537610531 17308519821.865466631949 21502207156.477174753323 78424132484.346701510251 44089010010.467580169439 -177825.676775317672 19416.997243059919 -37991.844211005658 -142245.614236686239 -25643.447750048003 226078.005997543561 139152.404338122888 365230.410356424768 11482.814849561465 -2257.137250676774 -829322.524620285242 1371722.259911687512 -550684.588266409198 204922.214238230600 -5360.181175156416 9755.095318286496 16403.824278527360 -138647.228182260046 137552.735090835366 160514.921863852110 70227.661051731416 217766.118810843438 -232099.614931193970 -406318.463805992992 -72189.376704921835 425226.360438737157 112222.233424940975 -105304.700582719460 371511.478534144800 
4400323.850764785485 -1520304097.760895435233 504566.921839530235 -48092.954553467889 -75938.642745543453 155489160.325575704133 -6069231.758727236802 91573762.508038508524 43145616.145976100292 214666.804254219863 34958878.465373792627 1406610.496471500810 512822.386231065393 -1777429.934636517156 -724291.036889013169 -6769978.121242249920 -3814205.995198502341 -1280379725.852153320564 489235465533.961668193340 72076812404.506659299135 302683626161.180314689875 4889167828326.892278671265 3795605498738.213648796082 16298226446.687537610531 1193352877172.641596674919 199619947204.400605782866 324900957355.672570556402 1642832740542.437766671181 812000980509.081387698650 -84747.971470256847 41002.524089557020 -477354.117187221541 -165822.099664785791 -56770.749579583181 381366.045333277871 367550.353848224780 748916.399172735773 -782581.713882160212 -20728.828981123515 -3713194.827441599328 9580599.173228901627 -5058869.817595555987 1338942.142071569384 154077.313327796595 12696.214526602273 56926.433272062380 -533963.238433965601 487572.422223193994 1006201.693833760364 384474.946179307346 1518530.613414832707 -1556682.578162346498 -2507856.594419481382 -476647.600378964695 2680258.916929416304 527959.805464739587 -548399.985291103932 1804944.063152077201 
603051.588606970325 -773779753.327644991921 292849.033453106685 -12154.229702638411 -911.425337619438 59524624.997892047410 -879923.445519366863 44728631.816367309777 19609623.845958569247 25254.937246419892 -135964.048372871777 255619.928048095525 247859.875773290506 -856194.654481223912 59073.271046274382 -2427272.703119854010 -2435550.001467778150 -629644865.682252671220 72181379930.713827781379 10867965583.424909501337 333422948277.770431041718 2381110864009.536802768707 2139542793057.938063144684 17308519821.865466631949 199619947204.400605782866 48766075486.856790389866 80250663300.158529520035 335890228951.229217708111 176370454490.868936747313 -274378.880561791594 81143.445346697547 -157450.911564819848 -75337.080404258132 37134.737784515522 187107.475526239137 204664.577486191292 391772.053013870796 -438062.017880438655 167636.527521632282 -2044095.097201492344 4160619.990911147529 -1843216.039712122160 627011.729283380306 34368.194419267736 13490.711059541962 34216.358282247733 -287448.559084328302 273548.459035673297 439798.495257577946 206165.973374221641 568478.687915961230 -646688.394622207289 -976139.385976892262 -234531.129706060242 1077868.017844181391 172569.887955121256 -195718.195840857854 740304.596291502639 
-1714294.394539000157 -9696734424.737390010618 2524715.843728908848 1222390.902962417095 1902582.911375329967 -82217798.204767999909 -81436171.334559999741 -3016559.891359400635 -1783758.647381900080 4720979.689112286300 -14498593.958794699874 158792.026359338004 -4778046.527760399980 -1493820.202735030024 1839652.222635908016 -822957.148895070012 -5340148.586521599995 -1615038594.977417031769 32104882642.313500072807 4493374351.840629315935 336679275088.137979149818 5952378100842.122037887573 5158437728990.575110435486 21502207156.477174753323 324900957355.672570556402 80250663300.158529520035 11305542323257.001890182495 11260429753865.395084381104 11352769765938.217401504517 323974.664375050000 935410.933234009989 -373381.914652200008 1030360.030910799999 -912950.261259209999 -1331111.624079532012 330737.328304972012 -1000374.295756455001 -55064.205469014678 -1040840.789624685933 -4488478.594955529418 6650456.401004377593 -1063033.654120725757 2356252.741761888363 -394953.911050561896 -160540.989381538971 52588.979391502498 29284.404432246713 1197734.932690920958 1062093.933665722469 984870.756483830592 -1197841.048976382913 -2684794.844975876258 -1414762.205670367350 -2421432.239204776236 433221.297269089739 -670521.372344388854 608818.523903942854 -178055.935438309900 
20396181.793670999707 16144658062.624369554222 456004.861973782267 3281965.751987234115 371772.942736917851 1129695058.823962001363 621909688.170202406123 319971333.427633599058 437374905.061027200398 14993266.967062089489 2223250.026091699861 -5236555.385866049032 -5447536.293247680025 871349.566197719941 7831448.430623918147 -318739.281544070120 -16663619.820075699981 -5777387855.589831872378 255150954571.366381675005 28983674885.753355570138 1928342380228.975100874901 18998442899882.942522048950 19056547781013.681324005127 78424132484.346701510251 1642832740542.437766671181 335890228951.229217708111 11260429753865.395084381104 54250159836089.643375396729 27089220576573.511451721191 -968863.450050429991 1683867.496722230064 1967858.832601819974 -1323816.266286510011 2400699.830745950003 -535116.530982699968 -3216031.666285257005 -3751148.197431580113 3296211.359521601403 -4959335.141037812234 -9019637.633366318739 16892664.705124462580 -6201305.043957137613 5585561.560636097359 -1663538.833095403103 -29819.226984553267 274500.536020066270 -499739.988587595422 3745790.389662889777 2696405.179287373503 -1223210.028624330305 6647031.898218244696 -8004755.153677194226 -17434710.307753025532 -1805410.797191058416 5476676.888509791767 -1375451.058318309191 -1117343.361424775025 1288017.084384527750 
11912555.884035133210 -5522772183.310493085533 2516307.003459176606 2009867.942609275259 1916888.746351282950 161523364.298108862669 45724221.075836659027 82418189.532322968778 125022546.785805159991 8402598.872312514632 -9658369.977407157023 -1786928.176302613447 -4886158.078808263494 -667907.090513622187 2803620.796011659269 -484366.955802782707 -9646702.735706133689 -3214171914.603071903577 105095031006.670268103480 12526190056.920913595706 879778097943.996550202370 11190211288962.478789329529 10722771712979.636306762695 44089010010.467580169439 812000980509.081387698650 176370454490.868936747313 11352769765938.217401504517 27089220576573.511451721191 18244779347453.452070236206 538253.628466338678 1092926.155410133660 1501364.017598857393 173604.365199775262 -14956.376524078548 -1972069.445671706398 -1313919.234469572931 -3285988.680130948419 586858.044264127724 -2260934.519387625530 -6235092.679723451628 10983296.084372884530 -3068923.819500543328 3678833.739403958434 -1021626.176281779259 -176927.012561630985 143033.191564293164 -475817.031691556417 2467799.673653466103 1647876.284771780866 443084.955533457844 722048.109156287563 -4571561.889594354086 -5885138.390008016573 -2573820.810374241697 2108515.388769535503 -1320342.538401523464 41820.077273474679 190056.281367108289 
109.156917826000 -12166.801512660000 9.811346761412 12.685474472955 8.878696913959 211.233704092000 1002.389683411200 65.920492045600 587.139411072400 19.698304528958 -399.157811201000 -27.465753091538 119.011394088960 70.208858720920 -41.712036452932 21.790928127980 -42.552894483400 4293.639226468001 633291.726540040003 48586.156417156198 -10236051.352108999975 -33580577.291320002332 -6712176.628953591236 -177825.676775317672 -84747.971470256847 -274378.880561791594 323974.664375050000 -968863.450050429991 538253.628466338678 3840.233555076060 -861.137935330780 -881.389753146440 -843.729807623980 -657.818324157980 -276.360883450536 -319.620951293210 -595.981834743380 21.720609614719 40.913783224583 -41.991750462508 -17.245755868194 -3.220986434577 -9.520105614104 -6.619973108052 -1.914704449476 0.581336297766 -3.551385006815 15.745236561375 3.340199525735 -3.312241489446 13.789906294054 4.468263025562 19.814376046305 2.337174273096 -20.692393823118 -35.009605314852 -5.973756615423 -21.650925320447 
105.015749466000 8273.944832020000 1.727636382595 10.293253352888 -0.230767037747 -569.000165048000 -79.313254609600 -136.155306344400 333.229696256200 29.018475480189 -256.214290071800 -28.363416740604 -45.259599709280 -9.584469100380 38.150872143528 68.293634245780 -9.178211587200 -8748.017384722000 -101177.771711680000 -16414.101656242383 1810634.342976999912 23322747.454439999852 13433523.549796953184 19416.997243059919 41002.524089557020 81143.445346697547 935410.933234009989 1683867.496722230064 1092926.155410133660 -861.137935330780 4195.697683032580 -989.328018027280 -946.197235788960 -736.458557595300 -306.597303235000 -355.777530925672 -662.374834159430 -10.549136973766 -34.427589992412 6.570019248251 -6.282525331200 44.890335180874 -1.693790039883 2.426111413753 -0.219265175121 -1.319932203845 26.377369359997 -17.510412603379 -9.030612992309 -1.240682211645 -2.279250328017 9.860861867732 20.981913500910 -1.423840729859 -30.911905750098 1.726086159004 28.563818502294 -23.207951792140 
296.399598176000 -55117.612429160000 4.999223557797 2.415011909363 11.006449956100 -3847.898556708000 -1098.682500388800 -1758.321492844400 52.085167857400 18.441649771354 -451.584050446000 -0.500292134738 -19.139321491040 78.414803365420 -22.390956188132 36.227244923480 -22.557236493400 4140.215065018001 6558.177646040000 4152.643926981957 7352587.400266000179 -29923686.064320007777 10499930.521183586492 -37991.844211005658 -477354.117187221541 -157450.911564819848 -373381.914652200008 1967858.832601819974 1501364.017598857393 -881.389753146440 -989.328018027280 4265.891088593560 -968.351650698980 -752.843708191480 -311.489885858736 -362.279622999510 -673.769508860130 50.647097557326 -23.347658971401 -1.055146053241 -45.992023708632 19.956180842929 -2.043016888194 1.378220359558 0.291343480074 -1.765112709385 24.785847025306 -21.781234183246 -13.278264653944 -5.572444777659 -30.730425452916 16.208170995161 39.610995843240 0.945531213328 -30.447140823266 -33.610073271259 21.409187730272 -31.838611781539 
-338.176025628000 -36900.739147420000 8.599590485251 5.465776037123 10.338614090166 -1080.686165226000 -776.001653029600 -993.041681231800 -287.790673093700 55.792170729273 -302.227182153000 -15.905153357781 -69.328222965680 73.477144995990 47.220368374646 -35.165708298940 22.844651001700 7215.990517821000 37440.608493980000 11393.707442534889 3239546.171147000037 -18288921.973839998114 9208913.852874779387 -142245.614236686239 -165822.099664785791 -75337.080404258132 1030360.030910799999 -1323816.266286510011 173604.365199775262 -843.729807623980 -946.197235788960 -968.351650698980 4138.744680415590 -723.345627177460 -304.801198885672 -352.127095581335 -656.928294467985 71.837296115233 -35.504660441924 10.427485003287 -27.645984357866 -18.922071662851 -0.990884234955 1.225710353935 -0.360685189950 -0.020850183661 4.648150032695 1.375164424574 -7.305276343124 2.833884247832 -28.556656460805 10.058932520883 21.728296142176 3.338006612558 11.241666650375 3.936809198303 15.912521270063 -11.052678035694 
-61.465382722000 -74911.410993260000 26.093795483986 10.451741581121 29.144951145919 -463.317007804000 -973.539671545600 -849.136349399200 153.336637732400 44.168166924934 -73.470705570200 25.709632134722 -42.151713370880 -47.787378339640 -5.795484745436 -60.091476751660 80.580700814600 2502.833261164000 -20252.206514759999 24070.962204397378 -1576900.319362999832 7391375.553080002367 4988470.864047530426 -25643.447750048003 -56770.749579583181 37134.737784515522 -912950.261259209999 2400699.830745950003 -14956.376524078548 -657.818324157980 -736.458557595300 -752.843708191480 -723.345627177460 3400.157810789980 -247.268128414424 -282.284596774038 -529.552725188540 -40.653776456657 -31.039292933748 65.361250235367 35.873051674121 -29.402364036623 11.730611999111 -18.903170990423 -3.134794521136 2.106129294226 -33.693102998959 44.569541304082 9.667678697342 12.669445228912 -13.364485993200 -19.419133206363 -19.043813882030 -13.552467090377 4.072545362746 -17.271295899723 19.457747777108 5.498148194935 
-248.681655874400 72045.657297528000 -39.202681531007 -32.359483411589 -38.901070741525 3152.633720859200 1286.440074638080 1312.833198508160 -408.563770814720 -152.690834842998 567.519469522160 15.348942609179 -4.044779974016 -96.343430500128 20.724089741813 42.587301125368 -6.944362400880 -10606.529515267201 -331159.984118672000 -57015.005887393446 3159698.818628400350 37397802.383376008744 -6074438.151988302809 226078.005997543561 381366.045333277871 187107.475526239137 -1331111.624079532012 -535116.530982699968 -1972069.445671706398 -276.360883450536 -306.597303235000 -311.489885858736 -304.801198885672 -247.268128414424 1582.521080160932 -135.969734688390 1446.551345472592 -41.679321906859 15.680871615353 -2.660510152823 -1.495082871057 30.187988943822 -3.165244492288 6.054973312261 1.616675415637 0.099591373924 -16.276087395641 -15.927387044374 -1.350272722147 -9.783353970972 21.884309143795 -6.328760850907 -43.801432443844 10.438363534461 3.642647019050 38.458064398114 -29.059569055981 18.526807639613 
